avl<-c(0, 4, 14, 22, 33, 48, 61, 75, 93, 113, 127, 146, 163, 183, 192, 217, 239, 248, 281, 290, 300, 330, 352, 377, 409, 423, 441, 483, 498, 513, 532, 554, 597, 603, 636, 684, 676, 718, 729, 734, 793, 832, 822, 861, 905, 914, 942, 946, 986, 1005, 1019, 1063, 1097, 1151, 1140, 1183, 1188, 1248, 1242, 1283, 1293, 1354, 1350, 1389, 1416, 1415, 1507, 1515, 1535, 1551, 1595, 1625, 1620, 1690, 1709, 1729, 1791, 1797, 1817, 1848, 1852, 1935, 1928, 1948, 1984, 2014, 2059, 2081, 2112, 2139, 2176, 2192, 2225, 2238, 2256, 2307, 2317, 2386, 2401, 2439, 2467, 2552, 2537, 2572, 2575, 2600, 2639, 2661, 2712, 2771, 2773, 2787, 2852, 2863, 2882, 2921, 2967, 2976, 2995, 3069, 3095, 3095, 3183, 3200, 3213, 3233, 3272, 3316, 3349, 3371, 3378, 3421, 3508, 3512, 3529, 3552, 3547, 3624, 3666, 3650, 3732, 3770, 3779, 3834, 3826, 3876, 3918, 3909, 3987, 4035, 4015, 4074, 4117, 4145, 4174, 4171, 4214, 4269, 4314, 4342, 4385, 4382, 4430, 4518, 4487, 4540, 4643, 4582, 4647, 4691, 4725, 4772, 4738, 4828, 4809, 4833, 4922, 4944, 4972, 4996, 5015, 5096, 5110, 5192, 5178, 5222, 5280, 5255, 5268, 5342, 5405, 5435, 5421, 5483, 5528, 5566, 5603, 5629, 5631, 5700, 5741, 5756, 5808, 5825, 5867, 5865, 5916, 5934, 6007, 6045, 6055, 6139, 6135, 6150, 6192, 6287, 6309, 6252, 6354, 6384, 6394, 6404, 6461, 6552, 6491, 6615, 6585, 6698, 6724, 6785, 6821, 6772, 6855, 6894, 6939, 6928, 7019, 7051, 7030, 7090, 7059, 7128, 7199, 7229, 7287, 7297, 7339, 7369, 7427, 7470, 7450, 7535, 7578, 7577, 7653, 7661, 7737, 7724, 7742, 7827, 7894, 7856, 7915, 7944, 7983, 7980, 8072, 8108, 8102, 8194, 8174, 8255, 8272, 8261, 8343, 8361, 8402, 8479, 8470, 8533, 8543, 8543, 8594, 8688, 8706, 8752, 8792, 8813, 8901, 8841, 8946, 9002, 9033, 9029, 9056, 9092, 9087, 9136, 9238, 9273, 9337, 9349, 9322, 9356, 9438, 9438, 9550, 9569, 9531, 9622, 9612, 9703, 9748, 9775, 9829, 9864, 9922, 9964, 9973, 10010, 10035, 10069, 10009, 10087, 10152, 10162, 10192, 10341, 10388, 10376, 10384, 10489, 10462, 10520, 10575, 10594, 10615, 10659, 10713, 10764, 10814, 10824, 10878, 10867, 10861, 11009, 11063, 11040, 11052, 11129, 11156, 11122, 11271, 11257, 11276, 11352, 11357, 11393, 11426, 11425, 11505, 11614, 11611, 11648, 11687, 11705, 11721, 11802, 11769, 11861, 11903, 11976, 12026, 12020, 12055, 12014, 12139, 12212, 12220, 12184, 12290, 12373, 12343, 12319, 12392, 12502, 12491, 12595, 12564, 12690, 12688, 12738, 12756, 12777, 12804, 12865, 12819, 12903, 12917, 13119, 13025, 13049, 13026, 13143, 13180, 13232, 13313, 13324, 13417, 13369, 13464, 13407, 13483, 13556, 13601, 13646, 13657, 13694, 13738, 13761, 13884, 13849, 13874, 13923, 13997, 14057, 14099, 14087, 14169, 14167, 14227, 14317, 14290, 14372, 14341, 14342, 14482, 14553, 14476, 14607, 14615, 14678, 14656, 14777, 14780, 14802, 14836, 14909, 14905, 14962, 14959, 15024, 15106, 15063, 15148, 15211, 15130, 15265, 15237, 15316, 15413, 15436, 15405, 15501, 15538, 15550, 15614, 15673, 15734, 15751, 15719, 15809, 15888, 15867, 15933, 16012, 15970, 16084, 16010, 16122, 16144, 16162, 16179, 
       16320, 16353, 16346, 16396, 16417, 16493, 16461, 16603, 16567, 16667, 16752, 16759, 16732, 16852, 16858, 16890, 16964, 16967, 17033, 17099, 17105, 17102, 17175, 17231, 17266, 17290, 17332, 17479, 17415, 17446, 17407, 17412, 17564, 17566, 17728, 17740, 17724, 17832, 17765, 17910, 17891, 17963, 17893, 18029, 18084, 18042, 18156, 18132, 18194, 18206, 18338, 18330, 18371, 18290, 18517, 18522, 18518, 18574, 18649, 18628, 18710, 18762, 18777, 18762, 18848, 18828, 18916, 18981, 18940, 19063, 19125, 19184, 19144, 19146, 19229, 19333, 19340, 19365, 19442, 19390, 19496, 19537, 19494, 19598, 19590, 19655, 19752, 19819, 19751, 19792, 19818, 19908, 19984, 20041, 20046, 20070, 20191, 20127, 20331, 20260, 20330, 20347, 20359, 20508, 20422, 20537, 20457, 20637, 20669, 20748, 20813, 20810, 20758, 20805, 20903, 20926, 20995, 20888, 21030, 21095, 21014, 21081, 21132, 21243, 21315, 21322, 21373, 21364, 21416, 21499, 21520, 21442, 21702, 21546, 21712, 21742, 21751, 21846, 21830, 21903, 21918, 21918, 22089, 22029, 22119, 22137, 22147, 22213, 22380, 22308, 22389, 22338, 22403, 22574, 22535, 22488, 22496, 22624, 22666, 22776, 22686, 22823, 22840, 22872, 22864, 23011, 23056, 23037, 23078, 23119, 23174, 23223, 23288, 23355, 23454, 23310, 23405, 
       23428, 23446, 23557, 23632, 23591, 23705, 23777, 23761, 23676, 23851, 23866, 23864, 24048, 23975, 23951, 24096, 24132, 24067, 24231, 24273, 24379, 24344, 24401, 24364, 24504, 24476, 24447, 24563, 24604, 24794, 24764, 24694, 24794, 24854, 24933, 24954, 25052, 25002, 25004, 25106, 25178, 25199, 25201, 25282, 25343, 25299, 25423, 25323, 25445, 25480, 25544, 25514, 25573, 25657, 25696, 25689, 25877, 25862, 25823, 25932, 25979, 26015, 26117, 26037, 26176, 26068, 26273, 26287, 26349, 26298, 26420, 26513, 26370, 26515, 26480, 26535, 26599, 26810, 26676, 26816, 26691, 26938, 26955, 26969, 26890, 27121, 27123, 27143, 27113, 27188, 27297, 27312, 27312, 27340, 27377, 27350, 27462, 27508, 27577, 27640, 27707, 27705, 27752, 27797, 27797, 27806, 27832, 27935, 28024, 28006, 28101, 27983, 28116, 28184, 28223, 28351, 28376, 28326, 28381, 28465, 28518, 28583, 28678, 28595, 28566, 28655, 28702, 28800, 28857, 28866, 29014, 28888, 29080, 29180, 29086, 29134, 29104, 29167, 29268, 29276, 29375, 29291, 29379, 29525, 29557, 29559, 29629, 29678, 29644, 29722, 29808, 29842, 29943, 29899, 30041, 30046, 29965, 30139, 30144, 30338, 30191, 30256, 30316, 30307, 30456, 30491, 30384, 30437, 30570, 30526, 30572, 30761, 30744, 30787, 30913, 30906, 30821, 
       30922, 30974, 31127, 31081, 31165, 31181, 31197, 31251, 31207, 31303, 31328, 31474, 31379, 31497, 31554, 31679, 31602, 31600, 31652, 31608, 31767, 31888, 31940, 32011, 31932, 32099, 32062, 32077, 32112, 32116, 32330, 32204, 32180, 32448, 32415, 32403, 32380, 32516, 32427, 32564, 32722, 32667, 32685, 32790, 32915, 32863, 32744, 32905, 33026, 33110, 33102, 33160, 33180, 33240, 33401, 33269, 33336, 33439, 33338, 33381, 33520, 33527, 33553, 33703, 33638, 33804, 33811, 33858, 33868, 33919, 33835, 34078, 34017, 34060, 34174, 34228, 34106, 34196, 34256, 34357, 34354, 34426, 34690, 34444, 34470, 34562, 34688, 34702, 34576, 34736, 34749, 34868, 34888, 35071, 35018, 34911, 35111, 35113, 35136, 35177, 35276, 35359, 35288, 35311, 35380, 35489, 35547, 35620, 35627, 35579, 35691, 35643, 35843, 35856, 35913, 35975, 35966, 35950, 36045, 36156, 36146, 36161, 36170, 36208, 36296, 36298, 36309, 36445, 36510, 36614, 36550, 36693, 36546, 36640, 36722, 36897, 36855, 36879, 36978, 36979, 36989, 37136, 37060, 37065, 37098, 37199, 37342, 37204, 37297, 37471, 37426, 37441, 37506, 37630, 37571, 37648, 37635, 37831, 37753, 37778, 37873, 37923, 37931)
  
