avl<-c(0, 4, 16, 24, 41, 57, 74, 86, 107, 128, 149, 169, 190, 211, 232, 248, 273, 298, 323, 348, 373, 398, 423, 447, 472, 497, 522, 547, 572, 597, 622, 642, 671, 700, 729, 758, 787, 816, 845, 874, 903, 932, 961, 990, 1019, 1048, 1077, 1105, 1134, 1163, 1192, 1221, 1250, 1279, 1308, 1337, 1366, 1395, 1424, 1453, 1482, 1511, 1540, 1564, 1597, 1630, 1663, 1696, 
       1729, 1762, 1795, 1828, 1861, 1894, 1927, 1960, 1993, 2026, 2059, 2092, 2125, 2158, 2191, 2224, 2257, 2290, 2323, 2356, 2389, 2422, 2455, 2488, 2521, 2554, 2587, 2619, 2652, 2685, 2718, 2751, 2784, 2817, 2850, 2883, 2916, 2949, 2982, 3015, 3048, 3081, 3114, 3147, 3180, 3213, 3246, 3279, 3312, 3345, 3378, 3411, 3444, 3477, 3510, 3543, 3576, 3609, 3642, 
       3670, 3707, 3744, 3781, 3818, 3855, 3892, 3929, 3966, 4003, 4040, 4077, 4114, 4151, 4188, 4225, 4262, 4299, 4336, 4373, 4410, 4447, 4484, 4521, 4558, 4595, 4632, 4669, 4706, 4743, 4780, 4817, 4854, 4891, 4928, 4965, 5002, 5039, 5076, 5113, 5150, 5187, 5224, 5261, 5298, 5335, 5372, 5409, 5446, 5483, 5520, 5557, 5594, 5631, 5668, 5705, 5742, 5779, 5816, 
       5853, 5890, 5927, 5964, 6001, 6037, 6074, 6111, 6148, 6185, 6222, 6259, 6296, 6333, 6370, 6407, 6444, 6481, 6518, 6555, 6592, 6629, 6666, 6703, 6740, 6777, 6814, 6851, 6888, 6925, 6962, 6999, 7036, 7073, 7110, 7147, 7184, 7221, 7258, 7295, 7332, 7369, 7406, 7443, 7480, 7517, 7554, 7591, 7628, 7665, 7702, 7739, 7776, 7813, 7850, 7887, 7924, 7961, 7998, 
       8035, 8072, 8109, 8146, 8183, 8220, 8257, 8294, 8331, 8368, 8400, 8441, 8482, 8523, 8564, 8605, 8646, 8687, 8728, 8769, 8810, 8851, 8892, 8933, 8974, 9015, 9056, 9097, 9138, 9179, 9220, 9261, 9302, 9343, 9384, 9425, 9466, 9507, 9548, 9589, 9630, 9671, 9712, 9753, 9794, 9835, 9876, 9917, 9958, 9999, 10040, 10081, 10122, 10163, 10204, 10245, 10286, 10327, 10368, 10409, 10450, 10491, 10532, 10573, 10614, 10655, 10696, 10737, 10778, 10819, 10860, 10901, 10942, 10983, 11024, 11065, 11106, 11147, 11188, 11229, 11270, 11311, 11352, 
       11393, 11434, 11475, 11516, 11557, 11598, 11639, 11680, 11721, 11762, 11803, 11844, 11885, 11926, 11967, 12008, 12049, 12090, 12131, 12172, 12213, 12254, 12295, 12336, 12377, 12418, 12459, 12500, 12541, 12582, 12623, 12664, 12705, 12746, 12787, 12828, 12869, 12910, 12951, 12992, 13033, 13074, 13115, 13156, 13197, 13238, 13279, 13320, 13361, 13402, 13443, 13484, 13525, 13566, 13607, 13647, 13688, 13729, 13770, 13811, 13852, 13893, 13934, 13975, 14016, 14057, 14098, 14139, 14180, 14221, 14262, 14303, 14344, 14385, 14426, 14467, 14508, 14549, 14590, 14631, 14672, 14713, 14754, 14795, 14836, 14877, 14918, 14959, 15000, 15041, 15082, 15123, 15164, 15205, 15246, 15287, 15328, 15369, 15410, 15451, 15492, 15533, 15574, 15615, 15656, 15697, 15738, 15779, 15820, 15861, 15902, 15943, 15984, 16025, 16066, 16107, 16148, 16189, 16230, 16271, 16312, 16353, 16394, 16435, 16476, 16517, 16558, 16599, 16640, 16681, 16722, 16763, 16804, 16845, 16886, 16927, 16968, 17009, 17050, 17091, 17132, 17173, 17214, 17255, 17296, 17337, 17378, 17419, 17460, 17501, 17542, 17583, 17624, 17665, 17706, 17747, 17788, 17829, 17870, 17911, 17952, 17993, 18034, 18075, 18116, 18157, 18198, 18239, 18280, 18321, 18362, 18403, 18444, 18485, 18526, 18567, 18608, 
       18649, 18690, 18731, 18772, 18813, 18854, 18890, 18935, 18980, 19025, 19070, 19115, 19160, 19205, 19250, 19295, 19340, 19385, 19430, 19475, 19520, 19565, 19610, 19655, 19700, 19745, 19790, 19835, 19880, 19925, 19970, 20015, 20060, 20105, 20150, 20195, 20240, 20285, 20330, 20375, 20420, 20465, 20510, 20555, 20600, 20645, 20690, 20735, 20780, 20825, 20870, 20915, 20960, 21005, 21050, 21095, 21140, 21185, 21230, 21275, 21320, 21365, 21410, 21455, 21500, 21545, 21590, 21635, 21680, 21725, 21770, 21815, 21860, 21905, 21950, 21995, 22040, 22085, 22130, 22175, 22220, 22265, 22310, 22355, 22400, 22445, 22490, 22535, 22580, 22625, 22670, 22715, 22760, 22805, 22850, 22895, 22940, 22985, 23030, 23075, 23120, 23165, 23210, 23255, 23300, 23345, 23390, 23435, 23480, 23525, 23570, 23615, 23660, 23705, 23750, 23795, 23840, 23885, 23930, 23975, 24020, 24065, 24110, 24155, 24200, 24245, 24290, 24335, 24380, 24425, 24470, 24515, 24560, 24605, 24650, 24695, 24740, 24785, 24830, 24875, 24920, 24965, 25010, 25055, 25100, 25145, 25190, 25235, 25280, 25325, 25370, 25415, 25460, 25505, 25550, 25595, 25640, 25685, 25730, 25775, 25820, 25865, 25910, 25955, 26000, 26045, 26090, 26135, 26180, 26225, 26270, 26315, 26360, 26405, 26450, 26495, 26540, 
       26585, 26630, 26675, 26720, 26765, 26810, 26855, 26900, 26945, 26990, 27035, 27080, 27125, 27170, 27215, 27260, 27305, 27350, 27395, 27440, 27485, 27530, 27575, 27620, 27665, 27710, 27755, 27800, 27845, 27890, 27935, 27980, 28025, 28070, 28115, 28160, 28205, 28250, 28295, 28340, 28385, 28430, 28475, 28520, 28565, 28610, 28655, 28700, 28745, 28790, 28835, 28880, 28925, 28970, 29015, 29060, 29105, 29150, 29195, 29240, 29285, 29330, 29375, 29420, 29465, 29510, 29555, 29600, 29645, 29690, 29735, 29780, 29825, 29870, 29915, 29960, 30005, 30050, 30095, 30140, 30185, 30230, 30275, 30320, 30365, 30409, 30454, 30499, 30544, 30589, 30634, 30679, 30724, 30769, 30814, 30859, 30904, 30949, 30994, 31039, 31084, 31129, 31174, 31219, 31264, 31309, 31354, 31399, 31444, 31489, 31534, 31579, 31624, 31669, 31714, 31759, 31804, 31849, 31894, 31939, 31984, 32029, 32074, 32119, 32164, 32209, 32254, 32299, 32344, 32389, 32434, 32479, 32524, 32569, 32614, 32659, 32704, 32749, 32794, 32839, 32884, 32929, 32974, 33019, 33064, 33109, 33154, 33199, 33244, 33289, 33334, 33379, 33424, 33469, 33514, 33559, 33604, 33649, 33694, 33739, 33784, 33829, 33874, 33919, 33964, 34009, 34054, 34099, 34144, 34189, 34234, 34279, 34324, 34369, 34414, 34459, 34504, 
       34549, 34594, 34639, 34684, 34729, 34774, 34819, 34864, 34909, 34954, 34999, 35044, 35089, 35134, 35179, 35224, 35269, 35314, 35359, 35404, 35449, 35494, 35539, 35584, 35629, 35674, 35719, 35764, 35809, 35854, 35899, 35944, 35989, 36034, 36079, 36124, 36169, 36214, 36259, 36304, 36349, 36394, 36439, 36484, 36529, 36574, 36619, 36664, 36709, 36754, 36799, 36844, 36889, 36934, 36979, 37024, 37069, 37114, 37159, 37204, 37249, 37294, 37339, 37384, 37429, 37474, 37519, 37564, 37609, 37654, 37699, 37744, 37789, 37834, 37879, 37924, 37969, 38014, 38059, 38104, 38149, 38194, 38239, 38284, 38329, 38374, 38419, 38464, 38509, 38554, 38599, 38644, 38689, 38734, 38779, 38824, 38869, 38914, 38959, 39004, 39049, 39094, 39139, 39184, 39229, 39274, 39319, 39364, 39409, 39454, 39499, 39544, 39589, 39634, 39679, 39724, 39769, 39814, 39859, 39904, 39949, 39994, 40039, 40084, 40129, 40174, 40219, 40264, 40309, 40354, 40399, 40444, 40489, 40534, 40579, 40624, 40669, 40714, 40759, 40804, 40849)

